| 11194489 |
| 11201297 |
| 11203453 |
| 11110250 |
| 11207812 |
| 11209411 |
| 11209433 |
| 11209436 |
| 11209438 |
| 11211307 |
| 11212572 |
| 11214317 |
| 11201019 |
| 11215003 |
| 11215920 |
| 11216304 |
| 11217864 |
| 11218127 |
| 11191932 |
| 11218785 |
| 11219376 |
| 11220102 |
| 11220124 |
| 11220131 |
| 11220207 |
| 11220585 |
| 11220589 |
| 11204367 |
| 11220888 |
| 11220892 |
| 11070767 |
| 11219725 |
| 11157964 |
| 11221447 |
| 11221604 |
| 11221863 |
| 11217492 |
| 11214385 |
| 11222013 |
| 11217977 |
| 11221991 |
| 11220622 |
| 11211187 |
| 11219468 |
| 11210389 |
| 11210389 |
| 11222769 |
| 11209364 |
| 11203793 |
| 11211307 |
| 11151661 |
| 11204371 |
| 11212385 |
| 11210924 |
| 11222348 |
| 11222839 |
| 11221209 |
| 11209943 |
| 11223386 |
| 11162750 |
| 11203722 |
| 11222007 |
| 11212572 |
| 11223836 |
| 11216152 |
| 11223893 |
| 11223950 |
| 11223974 |
| 11223982 |
| 11224001 |
| 11224011 |
| 11224124 |
| 11224135 |
| 11224143 |
| 11224158 |
| 11224189 |
| 11224302 |
| 11224395 |
| 11224398 |
| 11224416 |
| 11224427 |
| 11224479 |
| 11224505 |
| 11224513 |
| 11224517 |
| 11224530 |
| 11224588 |
| 11224636 |
| 11224708 |
| 11224739 |
| 11224904 |
| 11225000 |
| 11225020 |
| 11225027 |
| 11225053 |
| 11225097 |
| 11225101 |
| 11225122 |
| 11225124 |
| 11225196 |
| 11225218 |
| 11225223 |
| 11225231 |
| 11225299 |
| 11225344 |
| 11225527 |
| 11225652 |
| 11225710 |
| 11224003 |
| 11205462 |
| 11225852 |
| 11225857 |
| 11225839 |
| 11225863 |
| 11225874 |
| 11225885 |
| 11225897 |
| 11222958 |
| 11225918 |
| 11225926 |
| 11225936 |
| 11225938 |
| 11204168 |
| 11225942 |
| 11225943 |
| 11223305 |
| 11225946 |
| 11225949 |
| 11225953 |
| 11225954 |
| 11225955 |
| 11225957 |
| 11225960 |
| 11225962 |
| 11169296 |
| 11225967 |
| 11225971 |
| 11193691 |
| 11225977 |
| 11225978 |
| 11213849 |
| 11215256 |
| 11215700 |
| 11225990 |
| 11225991 |
| 11225993 |
| 11225995 |
| 11225996 |
| 11225997 |
| 11226001 |
| 11226003 |
| 11226009 |
| 11221373 |
| 11226020 |
| 11226022 |
| 11226024 |
| 11226028 |
| 11226029 |
| 11226030 |
| 11225148 |
| 11226032 |
| 11217422 |
| 11226035 |
| 11226039 |
| 11226044 |
| 11210643 |
| 11226045 |
| 11226048 |
| 11226052 |
| 11226054 |
| 11226057 |
| 11223479 |
| 11226059 |
| 11226062 |
| 11225531 |
| 11226068 |
| 11226073 |
| 11226076 |
| 11226077 |
| 11226078 |
| 11226079 |
| 11226081 |
| 11226082 |
| 11226083 |
| 11226086 |
| 11226087 |
| 11226090 |
| 11226091 |
| 11226093 |
| 11221034 |
| 11226097 |
| 11226103 |
| 11226106 |
| 11226108 |
| 11226112 |
| 11226113 |
| 11226128 |
| 11226129 |
| 11226131 |
| 11226134 |
| 11226135 |
| 11226139 |
| 11226141 |
| 11226142 |
| 11226145 |
| 11226148 |
| 11226159 |
| 11226160 |
| 11226167 |
| 11226176 |
| 11226182 |
| 11226186 |
| 11226191 |
| 11226193 |
| 11226195 |
| 11226196 |
| 11226201 |
| 11226202 |
| 11226205 |
| 11222822 |
| 11226212 |
| 11226217 |
| 11226218 |
| 11226219 |
| 11226220 |
| 11226222 |
| 11226223 |
| 11226227 |
| 11226228 |
| 11226230 |
| 11226231 |
| 11217496 |
| 11226232 |
| 11226233 |
| 11226234 |
| 11226236 |
| 11226237 |
| 11226238 |
| 11226239 |
| 11226241 |
| 11226242 |
| 11226243 |
| 11226244 |
| 11226245 |
| 11226246 |
| 11226248 |
| 11226256 |
| 11226263 |
| 11216014 |
| 11224845 |
| 11226266 |
| 11226269 |
| 11226272 |
| 11226274 |
| 11226277 |
| 11226275 |
| 11226280 |
| 11226285 |
| 11226288 |
| 11226293 |
| 11226299 |
| 11226300 |
| 11226304 |
| 11226308 |
| 11226312 |
| 11226328 |
| 11226332 |
| 11225330 |
| 11226333 |
| 11225070 |
| 11226336 |
| 11226345 |
| 11226348 |
| 11195481 |
| 11226366 |
| 11226367 |
| 11218181 |
| 11226372 |
| 11226385 |
| 11226392 |
| 11226398 |
| 11226399 |
| 11226426 |
| 11226469 |
| 11226482 |
| 11226489 |
| 11226499 |
| 11199744 |
| 11205002 |
| 11213661 |
| 11226508 |
| 11226551 |
| 11226560 |
| 11226563 |
| 11226568 |
| 11226573 |
| 11143928 |
